0.10165378830641793	0.45558067201133257	0.7511255444649425	0.45558067201133257	0.10165378830641793
-0.2875203321790796	-0.6442883651134752	0.	0.6442883651134752	0.2875203321790796
0.5031605813133891	0.3221441825567376	-0.5311259660135984	0.3221441825567376	0.5031605813133891
-0.5868984204285563	0.2630296236233335	0.	-0.2630296236233335	0.5868984204285563
0.39424986030507025	-0.464975076292511	0.4599685791773266	-0.464975076292511	0.39424986030507025
0.026246895279310054	0.058815211851795814	0.	-0.058815211851795814	-0.026246895279310057
-0.3902065404137157	0.3905052515434106	-0.4198919442650381	0.3905052515434106	-0.3902065404137157
0.3928484351670706	-0.2631861423064045	0.	0.2631861423064045	-0.3928484351670706
-0.027843639090449585	-0.23369114359965235	0.3927729487265379	-0.23369114359965235	-0.027843639090449585
-0.3441298219618555	0.35829733614728404	0.	-0.35829733614728404	0.3441298219618555
0.33421386535869946	0.06146344487883041	-0.3726171363829174	0.06146344487883041	0.33421386535869946
0.04309636904256637	-0.36783120679848824	0.	0.36783120679848824	-0.04309636904256637
-0.35517345245610077	0.0913196930916628	0.3567537471875456	0.0913196930916628	-0.35517345245610077
0.23721532713457102	0.31758226179695076	0.	-0.31758226179695076	-0.23721532713457102
0.16293577038776433	-0.20803267034962844	-0.34377651271477205	-0.20803267034962844	0.16293577038776433
-0.34816324085299055	-0.2308508227414202	0.	0.2308508227414202	0.34816324085299055
0.08842670726371314	0.28304485803426804	0.3328601771403936	0.28304485803426804	0.08842670726371314
0.2771077362016712	0.12687460896548974	0.	-0.12687460896548974	-0.2771077362016712
-0.2706738035134939	-0.31736169486868565	-0.32348194676922004	-0.31736169486868565	-0.2706738035134939
-0.09408050836247023	-0.02052494592261797	0.	0.02052494592261797	0.09408050836247023
0.3233219277077103	0.31581647507723526	0.31529120094180285	0.31581647507723526	0.3233219277077103
-0.10774545127203422	-0.07743278393212623	0.	0.07743278393212623	0.10774545127203422
-0.2509152942676634	-0.2852084928174482	-0.30804215836161497	-0.2852084928174482	-0.2509152942676634
0.25335889743196427	0.1598341528476351	0.	-0.1598341528476351	-0.25335889743196427
0.09935544771556058	0.23306328537338034	0.30155633391249725	0.23306328537338034	0.09935544771556058
-0.3044439368629793	-0.22252509899194145	0.	0.22252509899194145	0.3044439368629793
0.07144907946297764	-0.1668199958122408	-0.2957003136667933	-0.1668199958122408	0.07144907946297764
0.25986094144727995	0.26376803663177506	0.	-0.26376803663177506	-0.25986094144727995
-0.20906311908018	0.09331901086194919	0.2903719436571996	0.09331901086194919	-0.20906311908018
-0.14553594631467703	-0.2836871893382254	0.	0.2836871893382254	0.14553594631467703
0.2807036424655364	-0.018502795093626002	-0.28549139533060874	-0.018502795093626002	0.2807036424655364
0.0005717574724906125	0.2837737967269112	0.	-0.2837737967269112	-0.0005717574724906125
-0.276568715115924	-0.05273205489942304	0.280995186849479	-0.05273205489942304	-0.276568715115924
0.1356099941692901	-0.26645938339990477	0.	0.26645938339990477	-0.1356099941692901
0.20669066490263627	0.11657668918123879	-0.2768320650457564	0.11657668918123879	0.20669066490263627
-0.2324757078889897	0.23475807672604856	0.	-0.23475807672604856	0.2324757078889897
-0.09420964432468555	-0.17027917500473602	0.2729600972218196	-0.17027917500473602	-0.09420964432468555
0.2731192204988348	-0.19197483641000224	0.	0.19197483641000224	-0.2731192204988348
-0.032353913439535746	0.21206577009017633	-0.2693445720627728	0.21206577009017633	-0.032353913439535746
-0.25494151661333286	0.1414741977232754	0.	-0.1414741977232754	0.25494151661333286
0.14596024206081012	-0.24103276225385367	0.2659564551523168	-0.24103276225385367	0.14596024206081012
0.18733883226560483	-0.08650302071407766	0.	0.08650302071407766	-0.18733883226560483
-0.22597352162218648	0.2570225448909482	-0.26277123300209965	0.2570225448909482	-0.22597352162218648
-0.08767825340558512	0.030060347089185525	0.	-0.030060347089185525	0.08767825340558512
0.2607770151405766	-0.2604939354385115	0.25976803456589703	-0.2604939354385115	0.2607770151405766
-0.023254666534232804	0.02519247676251819	0.	-0.02519247676251819	0.023254666534232804
-0.24822904120824407	0.252393927168483	-0.2569289544077316	0.252393927168483	-0.24822904120824407
0.12541742918838797	-0.07698792254309515	0.	0.07698792254309515	-0.12541742918838797
0.19442826154314488	-0.2340358921085003	0.2542385247251978	-0.2340358921085003	0.19442826154314488
-0.20269194382881675	0.12348067233674287	0.	-0.12348067233674287	0.20269194382881675
-0.11139738153653045	0.20698757842400067	-0.2516832988208715	0.20698757842400067	-0.11139738153653045
0.24481486761224125	-0.16325373275997695	0.	0.16325373275997695	-0.24481486761224125
0.014296761770685819	-0.17297096042195317	0.24925151909779966	-0.17297096042195317	0.014296761770685819
-0.24804879220173934	0.19530711878030874	0.	-0.19530711878030874	0.24804879220173934
0.0813102588859412	0.1337750207249457	-0.24693284991949777	0.1337750207249457	0.0813102588859412
0.21477294298987826	-0.21903335029087295	0.	0.21903335029087295	-0.21477294298987826
-0.16175754637881093	-0.09118180811130862	0.24471816078892114	-0.09118180811130862	-0.16175754637881093
-0.15228070433614277	0.2341834209693747	0.	-0.2341834209693747	0.15228070433614277
0.21691265556001096	0.046905570815409414	-0.2425993489535213	0.046905570815409414	0.21691265556001096
0.07111096076911604	-0.24082634991909496	0.	0.24082634991909496	-0.07111096076911604
-0.24106350651472627	-0.002544373913592813	0.2405691931873126	-0.002544373913592813	-0.24106350651472627
0.016773782204892587	0.23930491991711308	0.	-0.23930491991711308	-0.016773782204892587
0.23308622272453508	-0.04045666106161267	-0.23862123243814207	-0.04045666106161267	0.23308622272453508
-0.09970000891713578	-0.23018974576516754	0.	0.23018974576516754	0.09970000891713578
-0.19600879106686644	0.08083153156443589	0.23674966446414858	0.08083153156443589	-0.19600879106686644
0.1676945459805777	0.21423340357482787	0.	-0.21423340357482787	-0.1676945459805777
0.13613446132392704	-0.11751008291225092	-0.2349492606588305	-0.11751008291225092	0.13613446132392704
-0.21347929448076572	-0.1923259863200207	0.	0.1923259863200207	0.21347929448076572
-0.061906971300015726	0.1496264725154201	0.2332152940776342	0.1496264725154201	-0.061906971300015726
0.23300618263567163	0.16545313092976963	0.	-0.16545313092976963	-0.23300618263567163
-0.017307278646795217	-0.17652055099810193	-0.23154347830000366	-0.17652055099810193	-0.017307278646795217
-0.2255498969571583	-0.13465728504985522	0.	0.13465728504985522	0.2255498969571583
0.09236996794954976	0.19773330848371864	0.22992991523903553	0.19773330848371864	0.09236996794954976
0.19342133571245806	0.10100274436577052	0.	-0.10100274436577052	-0.19342133571245806
-0.15534026708675808	-0.21299747711211658	-0.2283710503820835	-0.21299747711211658	-0.15534026708675808
-0.14139361421038615	-0.06554479078034021	0.	0.06554479078034021	0.14139361421038615
0.20018905365570003	0.2222243069142699	0.22686363423600073	0.2222243069142699	0.20018905365570003
0.07594569873475057	0.029303094405302318	0.	-0.029303094405302318	-0.07594569873475057
-0.2232237399452349	-0.22548744727744396	-0.22540468897942198	-0.22548744727744396	-0.2232237399452349
-0.004428590021210465	0.006760595103154627	0.	-0.006760595103154627	0.004428590021210465
0.22322464739716347	0.22300477499478366	0.22399147950588671	0.22300477499478366	0.22322464739716347
-0.06575157047582508	-0.04176055312751193	0.	0.04176055312751193	0.06575157047582508
-0.20132200600370764	-0.21511891594139307	-0.22262148818638008	-0.21511891594139307	-0.20132200600370764
0.1278567487009318	0.07490115313070296	0.	-0.07490115313070296	-0.1278567487009318
0.16066262355798197	0.20227711358345915	0.2212923927961235	0.20227711358345915	0.16066262355798197
-0.17639146793026342	-0.10548714739804255	0.	0.10548714739804255	0.17639146793026342
-0.10592691391472464	-0.18501100597383505	-0.22000204714433047	-0.18501100597383505	-0.10592691391472464
0.20749598842151412	0.1329304435819469	0.	-0.1329304435819469	-0.20749598842151412
0.042760942379041225	0.16391678523646103	0.218748464021869	0.16391678523646103	0.042760942379041225
-0.21914726018099523	-0.15675369869366984	0.	0.15675369869366984	0.21914726018099523
0.022814371441097995	-0.13963613096442207	-0.21752980014398787	-0.13963613096442207	0.022814371441097995
0.21117537317494967	0.17659107271074131	0.	-0.17659107271074131	-0.21117537317494967
-0.08496226174111096	0.11283823225741482	0.21634434281628595	0.11283823225741482	-0.08496226174111096
-0.1851180120263235	-0.19218649356246204	0.	0.19218649356246204	0.1851180120263235
0.13851360094821108	-0.08420314281154506	-0.21519049809415014	-0.08420314281154506	0.13851360094821108
0.14394579803245383	0.20338978579503622	0.	-0.20338978579503622	-0.14394579803245383
-0.17934386000457336	0.05440664981572002	0.21406678024068213	0.05440664981572002	-0.17934386000457336
-0.09169733212420048	-0.2101510083780942	0.	0.2101510083780942	0.09169733212420048
0.20462573184067506	-0.024106780481281998	-0.21297180231706186	-0.024106780481281998	0.20462573184067506
0.033064568700666104	0.21251333438072115	0.	-0.21251333438072115	-0.033064568700666104
-0.21295210478831958	-0.006067980238671776	0.21190426776343108	-0.006067980238671776	-0.21295210478831958
0.027032555694267837	-0.21060478792486834	0.	0.21060478792486834	-0.027032555694267837
0.20433502089423403	0.035528730986721255	-0.21086296284860837	0.035528730986721255	0.20433502089423403
-0.08384779164362906	0.2046291330589962	0.	-0.2046291330589962	0.08384779164362906
-0.18009507483502857	-0.0637344622554973	0.20984674988395235	-0.0637344622554973	-0.18009507483502857
0.13315852465637024	-0.19485618597441634	0.	0.19485618597441634	-0.13315852465637024
0.14266209662580956	0.0901986711864611	-0.20885456111104614	0.0901986711864611	0.14266209662580956
-0.17154354853297685	0.18161179716093936	0.	-0.18161179716093936	0.17154354853297685
-0.09531184767919093	-0.11449434884894787	0.20788539318502952	-0.11449434884894787	-0.09531184767919093
0.19657616988088802	-0.16526772439007953	0.	0.16526772439007953	-0.19657616988088802
0.04186497220133057	0.1362574272012902	-0.20693830218573667	0.1362574272012902	0.04186497220133057
-0.20692786012120223	0.14623159143145947	0.	-0.14623159143145947	0.20692786012120223
0.01362614093238839	-0.15518878959151433	0.20601239909759841	-0.15518878959151433	0.01362614093238839
0.20238462577340807	-0.12493710165628845	0.	0.12493710165628845	-0.20238462577340807
-0.06717924259933311	0.17105496113770985	-0.20510684570679433	0.17105496113770985	-0.06717924259933311
-0.18378409904227352	0.10183465057382908	0.	-0.10183465057382908	0.18378409904227352
0.11515311905310893	-0.18368760407148085	0.20422085087059494	-0.18368760407148085	0.11515311905310893
0.1528858319458138	-0.07738245721371473	0.	0.07738245721371473	-0.1528858319458138
-0.15447222387040135	0.19298194855545014	-0.20335366711938183	0.19298194855545014	-0.15447222387040135
-0.11219031098868273	0.052038311367696044	0.	-0.052038311367696044	0.11219031098868273
0.1827946568208469	-0.19889429200581032	0.2025045875566186	-0.19889429200581032	0.1827946568208469
0.06472381051178824	-0.026252012234371017	0.	0.026252012234371017	-0.06472381051178824
-0.1986180264170714	0.20143869995223931	-0.20167294302618072	0.20143869995223931	-0.1986180264170714
-0.013806477264704855	0.0004585541099877554	0.	-0.0004585541099877554	0.013806477264704855
0.2013223747909035	-0.20068303931683587	0.2008580995200395	-0.20068303931683587	0.2013223747909035
-0.03717983940366642	0.024927903469885482	0.	-0.024927903469885482	0.03717983940366642
-0.19115344610317464	0.1967444710336442	-0.20005945580240506	0.1967444710336442	-0.19115344610317464
0.08500930857064803	-0.049519260257422	0.	0.049519260257422	-0.08500930857064803
0.16915296170182967	-0.18978452347807026	0.19927644122914984	-0.18978452347807026	0.16915296170182967
-0.12680318771496324	0.07295788840137225	0.	-0.07295788840137225	0.12680318771496324
-0.13704511795433238	0.1800038615223536	-0.1985085137436984	0.1800038615223536	-0.13704511795433238
0.16018498156148597	-0.09492024112527023	0.	0.09492024112527023	-0.16018498156148597
0.09709020432798124	-0.1676368584445516	0.19775515803264004	-0.1676368584445516	0.09709020432798124
-0.1833935756546203	0.11511967535442819	0.	-0.11511967535442819	0.1833935756546203
-0.051917066550172294	0.15294606963378904	-0.19701588382613763	0.15294606963378904	-0.051917066550172294
0.19535136587387467	-0.13330851643600405	0.	0.13330851643600405	-0.19535136587387467
0.004346177195287841	-0.13621669826836622	0.19629022432979884	-0.13621669826836622	0.004346177195287841
-0.1956873475565302	0.14927940130576567	0.	-0.14927940130576567	0.1956873475565302
0.04278557500194224	0.11775113408602701	-0.19557773477607932	0.11775113408602701	0.04278557500194224
0.18471773258411683	-0.1628659431925442	0.	0.1628659431925442	-0.18471773258411683
-0.08678847925803296	-0.09786363718452558	0.19487799108452808	-0.09786363718452558	-0.08678847925803296
-0.16338882470892907	0.17394276630937716	0.	-0.17394276630937716	0.16338882470892907
0.1252637181658255	0.07687522963096716	-0.19419058862127447	0.07687522963096716	0.1252637181658255
0.13318853711885498	-0.1824249630579454	0.	0.1824249630579454	-0.13318853711885498
-0.1562208562141286	-0.05510884864507856	0.1935151410491283	-0.05510884864507856	-0.1562208562141286
-0.09603405352110142	0.18826702917308744	0.	-0.18826702917308744	0.09603405352110142
0.17816480561815867	0.03288480636026124	-0.1928512792605217	0.03288480636026124	0.17816480561815867
0.05414371976783061	-0.19146133406192326	0.	0.19146133406192326	-0.05414371976783061
-0.19015003645650802	-0.01051659274495517	0.19219865038628337	-0.01051659274495517	-0.19015003645650802
-0.009901340118305364	0.19203618445272008	0.	-0.19203618445272008	0.009901340118305364
0.19180175962958043	-0.011692949742862231	-0.19155691687391524	-0.011692949742862231	0.19180175962958043
-0.034279304363499755	-0.19005353946625037	0.	0.19005353946625037	0.034279304363499755
-0.18330557988533308	0.03345505873652284	0.19092575562964686	0.03345505873652284	-0.18330557988533308
0.07608262697893028	0.18560643445881786	0.	-0.18560643445881786	-0.07608262697893028
0.1653686225415611	-0.054498077774965785	-0.19030485721908239	-0.054498077774965785	0.1653686225415611
-0.11340602849076305	-0.1788161695598692	0.	0.1788161695598692	0.11340602849076305
-0.13915633444981604	0.0745700678353894	0.18969392512173627	0.0745700678353894	-0.13915633444981604
0.1444564709329289	0.1698293168325171	0.	-0.1698293168325171	-0.1444564709329289
0.10621002177258106	-0.0934410029928215	-0.18909267503518934	-0.0934410029928215	0.10621002177258106
-0.16782533787020526	-0.15881459751202692	0.	0.15881459751202692	0.16782533787020526
-0.06835070884146019	0.110904553964989	0.18850083422498148	0.110904553964989	-0.06835070884146019
0.18253947367447787	0.1459596779097922	0.	-0.1459596779097922	-0.18253947367447787
0.02757509581766928	-0.126779468074557	-0.18791814091670608	-0.126779468074557	0.02757509581766928
-0.18808764841754116	-0.13146792938744692	0.	0.13146792938744692	0.18808764841754116
0.014050715245899813	0.14091055836340363	0.18734434372708597	0.14091055836340363	0.014050715245899813
0.18442295396809424	0.11555519438067685	0.	-0.11555519438067685	-0.18442295396809424
-0.054494428019476786	-0.15316931823642657	-0.18677920113108926	-0.15316931823642657	-0.054494428019476786
-0.1719427506157608	-0.09844659685227582	0.	0.09844659685227582	0.1719427506157608
0.09185298443365048	0.16345418111208848	0.18622248096240118	0.16345418111208848	0.09185298443365048
0.15144871467403706	0.08037343184040666	0.	-0.08037343184040666	-0.15144871467403706
-0.12443626914656407	-0.1716904471345937	-0.185673959944795	-0.1716904471345937	-0.12443626914656407
-0.12409026163085853	-0.06157016499638458	0.	0.06157016499638458	0.12409026163085853
0.15083600257521604	0.1778299010829618	0.18513342325215218	0.1778299010829618	0.15083600257521604
0.09129512454180477	0.04227156922634283	0.	-0.04227156922634283	-0.09129512454180477
-0.16997767071439202	-0.18185014722292273	-0.1846006640950725	-0.18185014722292273	-0.16997767071439202
-0.054691152929175355	-0.022710021807017547	0.	0.022710021807017547	0.054691152929175355
0.1811542847067525	0.18375368801830394	0.18407548333218146	0.18375368801830394	0.1811542847067525
0.016023472906750828	0.0031129816763389943	0.	-0.0031129816763389943	-0.016023472906750828
-0.18404167711261119	-0.1835667743808126	-0.1835576891043988	-0.1835667743808126	-0.18404167711261119
0.022928967601678205	0.016299336961891977	0.	-0.016299336961891977	-0.022928967601678205
0.17869588741403977	0.1813380555232857	0.18304709649057135	0.1813380555232857	0.17869588741403977
-0.06043372948917542	-0.0353160820045758	0.	0.0353160820045758	0.06043372948917542
-0.16553393599296526	-0.17713705652460993	-0.18254352718300038	-0.17713705652460993	-0.16553393599296526
0.09487877359427159	0.05373766233626629	0.	-0.05373766233626629	-0.09487877359427159
0.14529991079668356	0.17105251144775274	0.1820468091815109	0.17105251144775274	0.14529991079668356
-0.12483712769521489	-0.07137742186894558	0.	0.07137742186894558	0.12483712769521489
-0.11901877900872754	-0.16319057930862824	-0.1815567765048142	-0.16319057930862824	-0.11901877900872754
0.14912014934589934	0.08806308525425519	0.	-0.08806308525425519	-0.14912014934589934
0.08794067959356615	0.1536729694052068	0.18107326891801317	0.1536729694052068	0.08794067959356615
-0.1668178503344626	-0.10363797446699217	0.	0.10363797446699217	0.1668178503344626
-0.05347865080791296	-0.14263500151490274	-0.1805961316751861	-0.14263500151490274	-0.05347865080791296
0.17732540453570034	0.11796199792137607	0.	-0.11796199792137607	-0.17732540453570034
0.017142805047912064	0.13022362528429868	0.18012521527606642	0.13022362528429868	0.017142805047912064
-0.18035559889410663	-0.13091241602246945	0.	0.13091241602246945	0.18035559889410663
0.019526107662238626	-0.11659542179790042	-0.17966037523590941	-0.11659542179790042	0.019526107662238626
0.17593758264739107	0.14238438907168616	0.	-0.14238438907168616	-0.17593758264739107
-0.055020991824152266	0.10191460884964176	0.17920147186770286	0.10191460884964176	-0.055020991824152266
-0.16440280234662127	-0.15229131523756675	0.	0.15229131523756675	0.16440280234662127
0.08792808070809174	-0.08635106987852245	-0.17874837007594194	-0.08635106987852245	0.08792808070809174
0.14635946399873348	0.16056496787323044	0.	-0.16056496787323044	-0.14635946399873348
-0.11697987784172365	0.0700784248926764	0.17830093916124465	0.0700784248926764	-0.11697987784172365
-0.12265722770967567	-0.16715544281438574	0.	0.16715544281438574	0.12265722770967567
0.14109966508360466	-0.053272160017243345	-0.17785905263513604	-0.053272160017243345	0.14109966508360466
0.09434410813559935	0.1720309274325026	0.	-0.1720309274325026	-0.09434410813559935
-0.15943632508779515	0.03610783058182101	0.17742258804437733	0.03610783058182101	-0.15943632508779515
-0.06261772383519726	-0.17517730415418886	0.	0.17517730415418886	0.06261772383519726
0.17138868826063391	-0.01875935093242249	-0.17699142680425994	-0.01875935093242249	0.17138868826063391
0.028773112235603162	0.17659760189871032	0.	-0.17659760189871032	-0.028773112235603162
-0.17661907141241825	0.0013973824283970758	0.17656545404032556	0.0013973824283970758	-0.17661907141241825
0.005850690146014642	-0.17631130944071458	0.	0.17631130944071458	-0.005850690146014642
0.1750561102092936	0.01581217061740066	-0.17614455843800922	0.01581217061740066	0.1750561102092936
-0.03992320194033825	0.17435356508517044	0.	-0.17435356508517044	0.03992320194033825
-0.16688738567536018	-0.03270954896260151	0.17572863209973838	-0.03270954896260151	-0.16688738567536018
0.07217225627349604	-0.17077423725757154	0.	0.17077423725757154	-0.07217225627349604
0.15254269456391462	0.04914240394757131	-0.17531757040905183	0.04914240394757131	0.15254269456391462
-0.10142926600739426	0.1656369106763129	0.	-0.1656369106763129	0.10142926600739426
-0.132669105491582	-0.06496693557680572	0.1749112719013314	-0.06496693557680572	-0.132669105491582
0.12666857156268413	-0.15901779269788283	0.	0.15901779269788283	-0.12666857156268413
0.10809917132598541	0.08004889973788626	-0.17450963814076736	0.08004889973788626	0.10809917132598541
-0.14703975582443385	0.15100455422135986	0.	-0.15100455422135986	0.14703975582443385
-0.07981383031101635	-0.09426448253681882	0.1741125736032024	-0.09426448253681882	-0.07981383031101635
0.16189213657389048	-0.14169511921894692	0.	0.14169511921894692	-0.16189213657389048
0.04890162336558358	0.10750104105539217	-0.17371998556452303	0.10750104105539217	0.04890162336558358
-0.17079097778175795	0.13119641653613312	0.	-0.13119641653613312	0.17079097778175795
-0.016515884902352982	-0.11965771107428469	0.1733317839942889	-0.11965771107428469	-0.016515884902352982
0.17352528475285575	-0.11962310709059995	0.	0.11962310709059995	-0.17352528475285575
-0.016168466487407638	0.13064588345111697	-0.17294788145430923	0.13064588345111697	-0.016168466487407638
-0.17010735367405053	0.10709629900497813	0.	-0.10709629900497813	0.17010735367405053
0.04799699713946021	-0.14038955189275518	0.1725681930018952	-0.14038955189275518	0.04799699713946021
0.16076452431548738	-0.09374226254647058	0.	0.09374226254647058	-0.16076452431548738
-0.07787528056338303	0.14882553581424762	-0.17219263609753424	0.14882553581424762	-0.07787528056338303
-0.14592382795186506	0.07969115602724254	0.	-0.07969115602724254	0.14592382795186506
0.10480463923946742	-0.15590358283213404	0.17182113051674738	-0.15590358283213404	0.10480463923946742
0.12619042533493058	-0.06507577305393691	0.	0.06507577305393691	-0.12619042533493058
-0.1279130758346004	0.16158635619770972	-0.1714535982659052	0.16158635619770972	-0.1279130758346004
-0.10232088795650027	0.05003032071278728	0.	-0.05003032071278728	0.10232088795650027
0.14648058833348548	-0.16584931313717674	0.17108996350179448	-0.16584931313717674	0.14648058833348548
0.0751924879110113	-0.03468923744811596	0.	0.03468923744811596	-0.0751924879110113
-0.1599583002070953	0.16868048063221028	-0.17073015245473613	0.16868048063221028	-0.1599583002070953
-0.04576972713606258	0.019186058545486596	0.	-0.019186058545486596	0.04576972713606258
0.167981076559282	-0.1700801356487017	0.1703740933550708	-0.1700801356487017	0.167981076559282
0.01506935698847371	-0.003652336274799219	0.	0.003652336274799219	-0.01506935698847371
-0.17037353202371602	0.17006039720626534	-0.170021716362837	0.17006039720626534	-0.17037353202371602
0.01587488330214887	-0.011783379109070676	0.	0.011783379109070676	-0.01587488330214887
0.16714955868125186	-0.16864473797996257	0.16967295350047928	-0.16864473797996257	0.16714955868125186
-0.04604664190171256	0.026996492162742577	0.	-0.026996492162742577	0.04604664190171256
-0.15850570608709397	0.165867423342468	-0.16932773858843048	0.165867423342468	-0.15850570608709397
0.07447937101678022	-0.04186724434287244	0.	0.04186724434287244	-0.07447937101678022
0.14480892540879586	-0.1617728858937938	0.16898600718342494	-0.1617728858937938	0.14480892540879586
-0.10028583602531409	0.056281521704193746	0.	-0.056281521704193746	0.10028583602531409
-0.12657934163679962	0.15641504359121233	-0.16864769651940512	0.15641504359121233	-0.12657934163679962
0.12268391407125172	-0.07013158532383149	0.	0.07013158532383149	-0.12268391407125172
0.10446883900602717	-0.14985656958888594	0.1683127454508922	-0.14985656958888594	0.10446883900602717
-0.14101804116748728	0.08331672234020306	0.	-0.08331672234020306	0.14101804116748728
-0.0792363335219273	0.1421681218298392	-0.16798109439870093	0.1421681218298392	-0.0792363335219273
0.15477583887581975	-0.09574381623446405	0.	0.09574381623446405	-0.15477583887581975
0.05172066232257175	-0.1334275403072949	0.1676526852978824	-0.1334275403072949	0.05172066232257175
-0.16359962755075094	0.10732783568667655	0.	-0.10732783568667655	0.16359962755075094
-0.022812043096041543	0.12371901973312306	-0.16732746154778805	0.12371901973312306	-0.022812043096041543
0.16729270723189776	-0.11799224200469025	0.	0.11799224200469025	-0.16729270723189776
-0.006576950570815656	-0.11313226512332548	0.1670053679641519	-0.11313226512332548	-0.006576950570815656
-0.16582045432708434	0.1276693157486834	0.	-0.1276693157486834	0.16582045432708434
0.03553998786355029	0.10176163753917394	-0.16668635073309518	0.10176163753917394	0.03553998786355029
0.15930643763695906	-0.13630040375644112	0.	0.13630040375644112	-0.15930643763695906
-0.063204304660879	-0.08970529691287146	0.1663703573669621	-0.08970529691287146	-0.063204304660879
-0.14802389712499087	0.14383608831227743	0.	-0.14383608831227743	0.14802389712499087
0.08875598709261531	0.07706434854334508	-0.1660573366619004	0.07706434854334508	0.08875598709261531
0.13238304998677572	-0.15023628069498593	0.	0.15023628069498593	-0.13238304998677572
-0.11146255020090083	-0.06394199947582686	0.16574723865710556	-0.06394199947582686	-0.11146255020090083
-0.11291478866416745	0.15547024178670257	0.	-0.15547024178670257	0.11291478866416745
0.13069226197322045	0.05044273058291178	-0.16544001459565147	0.05044273058291178	0.13069226197322045
0.09025141292415466	-0.15951653282484846	0.	0.15951653282484846	-0.09025141292415466
-0.14592978724966	-0.036671489749304315	0.16513561688683448	-0.036671489749304315	-0.14592978724966
-0.06510509219924471	0.1623628997334967	0.	-0.1623628997334967	0.06510509219924471
0.15678785541831627	0.02273291113179697	-0.16483399906996163	0.02273291113179697	0.15678785541831627
0.038244785023674926	-0.1640060947790293	0.	0.1640060947790293	-0.038244785023674926
-0.1630147863060276	-0.008730565024285144	0.1645351157795182	-0.008730565024285144	-0.1630147863060276
-0.010472350237448188	0.16445163955854203	0.	-0.16445163955854203	0.010472350237448188
0.16449783641494617	-0.00523375759128953	-0.16423892271165158	-0.00523375759128953	0.16449783641494617
-0.017401429083678702	-0.16371353354914941	0.	0.16371353354914941	0.017401429083678702
-0.161262449170076	0.01906072217958763	0.16394537659191324	0.01906072217958763	-0.161262449170076
0.044580221505598636	0.16181391262336578	0.	-0.16181391262336578	-0.044580221505598636
0.15346760507403798	-0.03265408629610799	-0.16365443514420347	-0.03265408629610799	0.15346760507403798
-0.07030428651470728	-0.15878266207157507	0.	0.15878266207157507	0.07030428651470728
-0.14139756803570383	0.045921291014351745	0.16336605706086402	0.045921291014351745	-0.14139756803570383
0.0938708068750889	0.15465698876889034	0.	-0.15465698876889034	-0.0938708068750889
0.1254504105845054	-0.05877400585251939	-0.16308020197387113	-0.05877400585251939	0.1254504105845054
-0.11465192205710888	-0.14948095718226187	0.	0.14948095718226187	0.11465192205710888
-0.10612377166877104	0.07112862535082881	0.16279683042707882	0.07112862535082881	-0.10612377166877104
0.13211005834541173	0.14330499393646487	0.	-0.14330499393646487	-0.13211005834541173
0.08399835526400821	-0.08290671587378878	-0.16251590384946818	-0.08290671587378878	0.08399835526400821
-0.14581024515932328	-0.13618536564664563	0.	0.13618536564664563	0.14581024515932328
-0.05971971560557948	0.09403541162156417	0.16223738452935982	0.09403541162156417	-0.05971971560557948
0.15542920439684338	0.12818363468257474	0.	-0.12818363468257474	-0.15542920439684338
0.03397889552400829	-0.10444775922895853	-0.16196123558954753	-0.10444775922895853	0.03397889552400829
-0.16076109739761194	-0.11936609745787052	0.	0.11936609745787052	0.16076109739761194
-0.0074924885716904244	0.11408301070778716	0.16168742096331512	0.11408301070778716	-0.0074924885716904244
0.16171990974163977	0.10980320973847758	0.	-0.10980320973847758	-0.16171990974163977
-0.019017315730737606	-0.12288686484702119	-0.1614159053712991	-0.12288686484702119	-0.019017315730737606
-0.15833854512717493	-0.09956900334090944	0.	0.09956900334090944	0.15833854512717493
0.04484216989254947	0.13081165752377735	0.16114665429916128	0.13081165752377735	0.04484216989254947
0.1507647838549533	0.08874049844450475	0.	-0.08874049844450475	-0.1507647838549533
-0.0693059945468984	-0.13781650169594972	-0.16087963397603916	-0.13781650169594972	-0.0693059945468984
-0.13925433715966937	-0.07739711557549875	0.	0.07739711557549875	0.13925433715966937
0.09178194700057668	0.1438673781431822	0.1606148113537406	0.1438673781431822	0.09178194700057668
0.124161294290396	0.0656200911363703	0.	-0.0656200911363703	-0.124161294290396
-0.11170754518410235	-0.14893717829631004	-0.16035215408665301	-0.14893717829631004	-0.11170754518410235
-0.10592631372654028	-0.05349190015393467	0.	0.05349190015393467	0.10592631372654028
0.12859762555190604	0.15300570074589423	0.16009163051233846	0.15300570074589423	0.12859762555190604
0.08506295246403031	0.041095689706228254	0.	-0.041095689706228254	-0.08506295246403031
-0.1420548840044259	-0.15605960324774823	-0.15983320963278602	-0.15605960324774823	-0.1420548840044259
-0.06214255751356562	-0.028514726263522562	0.	0.028514726263522562	0.06214255751356562
0.15177782224767614	0.15809231224729706	0.15957686109629618	0.15809231224729706	0.15177782224767614
0.03777816155648871	0.01583185994489886	0.	-0.01583185994489886	-0.03777816155648871
-0.15756599613792377	-0.15910389212524886	-0.15932255517997063	-0.15910389212524886	-0.15756599613792377
-0.012607830361146854	-0.003129008450726974	0.	0.003129008450726974	0.012607830361146854
0.15932253555495524	0.1591008765245891	0.15907026277278555	0.1591008765245891	0.15932253555495524
-0.012722096378742304	-0.009513336814949966	0.	0.009513336814949966	0.012722096378742304
-0.1570539754323834	-0.1580960642536384	-0.15881995535922286	-0.1580960642536384	-0.1570539754323834
0.03757344585756622	0.02201658016787344	0.	-0.02201658016787344	-0.03757344585756622
0.15086750315680222	0.15610828237229352	0.1585716050034403	0.15610828237229352	0.15086750315680222
-0.06133193620248951	-0.034304464600029005	0.	0.034304464600029005	0.06133193620248951
-0.1409657872495995	-0.1531621191591456	-0.15832518433395704	-0.1531621191591456	-0.1409657872495995
0.08342182040163777	0.04630348650768587	0.	-0.04630348650768587	-0.08342182040163777
0.12763960491682858	0.14928762972659532	0.15808066652883676	0.14928762972659532	0.12763960491682858
-0.1033191290687403	-0.05794328067947413	0.	0.05794328067947413	0.1033191290687403
-0.11125853078806636	-0.14452001710010326	-0.15783802530134775	-0.14452001710010326	-0.11125853078806636
0.12056323909069074	0.06915697427985043	0.	-0.06915697427985043	-0.12056323909069074
0.09225998530810607	0.1388992916071478	0.15759723488608285	0.1388992916071478	0.09225998530810607
-0.1347665476023708	-0.07988150880587154	0.	0.07988150880587154	0.1347665476023708
-0.07113696838758056	-0.13246991143220135	-0.15735827002552108	-0.13246991143220135	-0.07113696838758056
0.1456220859327209	0.09005792923220796	0.	-0.09005792923220796	-0.1456220859327209
0.04842482189390911	0.12528040718703298	0.15712110595701476	0.12528040718703298	0.04842482189390911
-0.152908964687789	-0.09963163978966015	0.	0.09963163978966015	0.152908964687789
-0.024687373435888553	-0.11738299332189639	-0.15688571840018584	-0.11738299332189639	-0.024687373435888553
0.15649559755753956	0.10855262604507449	0.	-0.10855262604507449	-0.15649559755753956
0.000502813940639542	0.10883316916370618	0.15665208354471677	0.10883316916370618	0.000502813940639542
-0.15634070641770725	-0.11677564316457836	0.	0.11677564316457836	0.15634070641770725
0.023550346789888814	-0.09968931231322045	-0.15642017803852032	-0.09968931231322045	0.023550346789888814
0.1524921626229563	0.12426037044666462	0.	-0.12426037044666462	-0.1524921626229563
-0.046906918385189525	0.09001226706561688	0.15618997897627573	0.09001226706561688	-0.046906918385189525
-0.145083767964376	-0.13097153240614232	0.	0.13097153240614232	0.145083767964376
0.06902795688288833	-0.07986493043879292	-0.15596146388831636	-0.07986493043879292	0.06902795688288833
0.1343301226553454	0.13687898687373878	0.	-0.13687898687373878	-0.1343301226553454
-0.08941270418636625	0.06931183830234672	0.15573461072985753	0.06931183830234672	-0.08941270418636625
-0.12051976614069948	-0.1419577807486734	0.	0.1419577807486734	0.12051976614069948
0.10760929786822866	-0.058418753998630404	-0.15550939787055068	-0.058418753998630404	0.10760929786822866
0.10400680889132365	0.14618817420241964	0.	-0.14618817420241964	-0.10400680889132365
-0.12322404724491655	0.04725226173661331	0.15528580408435372	0.04725226173661331	-0.12322404724491655
-0.08520129922003261	-0.14955563428080304	0.	0.14955563428080304	0.08520129922003261
0.13592911263669796	-0.035879366920662396	-0.15506380853970475	-0.035879366920662396	0.13592911263669796
0.06455858827778298	0.1520507989883146	0.	-0.1520507989883146	-0.06455858827778298
-0.1454684675620148	0.024367105450812176	0.15484339078998985	0.024367105450812176	-0.1454684675620148
-0.042567968672659676	-0.15366941306290144	0.	0.15366941306290144	0.042567968672659676
0.15166206723241202	-0.0127821638997266	-0.15462453076429317	-0.0127821638997266	0.15166206723241202
0.019740867667745285	0.15441223676144977	0.	-0.15441223676144977	-0.019740867667745285
-0.1544081900929718	0.001190512335380981	0.15440720875842032	0.001190512335380981	-0.1544081900929718
0.003401125123995485	-0.15428492907570376	0.	0.15428492907570376	-0.003401125123995485
0.15368396133469647	0.010342948581483392	-0.15419140542618523	0.010342948581483392	0.15368396133469647
-0.026338122867224863	0.153297906885533	0.	-0.153297906885533	0.026338122867224863
-0.1495441074109799	-0.021754724738885862	0.15397710177095147	-0.021754724738885862	-0.1495441074109799
0.048563439740523386	-0.15146618163140702	0.	0.15146618163140702	-0.048563439740523386
0.1421180278360688	0.03298304861257594	-0.15376427913741847	0.03298304861257594	0.1421180278360688
-0.06959448069365455	0.14880917515084832	0.	-0.14880917515084832	0.06959448069365455
-0.13160530425120606	-0.04396818100662627	0.15355291920364572	-0.04396818100662627	-0.13160530425120606
0.08898280377009253	-0.14535051637476595	0.	0.14535051637476595	-0.08898280377009253
0.1182697963504684	0.05465269344571262	-0.15334300397330516	0.05465269344571262	0.1182697963504684
-0.10632316246222032	0.14111782061922218	0.	-0.14111782061922218	0.10632316246222032
-0.10243249931959485	-0.06498173031438982	0.15313451576815537	-0.06498173031438982	-0.10243249931959485
0.12126136502199325	-0.13614245323669452	0.	0.13614245323669452	-0.12126136502199325
0.0844633576361897	0.07490324998252579	-0.1529274372207289	0.07490324998252579	0.0844633576361897
-0.1335008193542508	0.13045927940865637	0.	-0.13045927940865637	0.1335008193542508
-0.0647722452094878	-0.08436824429781002	0.152721751267227	-0.08436824429781002	-0.0647722452094878
0.1428076652837398	-0.12410640186873571	0.	0.12410640186873571	-0.1428076652837398
0.04379933182244043	0.09333093596524956	-0.1525174411406128	0.09333093596524956	0.04379933182244043
-0.1490144298317596	0.11712488834327606	0.	-0.11712488834327606	0.1490144298317596
-0.02200506071214139	-0.10174895346919893	0.15231449036389844	-0.10174895346919893	-0.02200506071214139
0.1520221749125096	-0.10955849048430344	0.	0.10955849048430344	-0.1520221749125096
-0.00014003797300123766	0.10958348332517961	-0.15211288274361862	0.10958348332517961	-0.00014003797300123766
-0.1518011398522853	0.1014533560492081	0.	-0.1014533560492081	0.1518011398522853
0.02216547793161895	-0.1167993995760248	0.15191260236348414	-0.1167993995760248	0.02216547793161895
0.14838991268995252	-0.09285773605240526	0.	0.09285773605240526	-0.14838991268995252
-0.0436106810146816	0.12336537056927512	-0.15171363357821044	0.12336537056927512	-0.0436106810146816
-0.1418931937423637	0.08382168857739106	0.	-0.08382168857739106	0.1418931937423637
0.06403437765716154	-0.1292539431698452	0.15151596100751516	-0.1292539431698452	0.06403437765716154
0.13247824189433224	-0.0743967808935172	0.	0.0743967808935172	-0.13247824189433224
-0.08302336281026253	0.13444160467341684	-0.15131956953027817	0.13444160467341684	-0.08302336281026253
-0.12037011805985204	0.06463579147103139	0.	-0.06463579147103139	0.12037011805985204
0.10020044657852602	-0.13890882279148115	0.15112444427886113	-0.13890882279148115	0.10020044657852602
0.10584586090400175	-0.054592413431046115	0.	0.054592413431046115	-0.10584586090400175
-0.11523146108405052	0.14264006417818392	-0.15093057063357873	0.14264006417818392	-0.11523146108405052
-0.08922774694469567	0.04432096090467523	0.	-0.04432096090467523	0.08922774694469567
0.12783120931540684	-0.14562379206190482	0.150737934217319	-0.14562379206190482	0.12783120931540684
0.07087580038873381	-0.033876079708188914	0.	0.033876079708188914	-0.07087580038873381
-0.13776826729122402	0.14785244363064476	-0.15054652089030682	0.14785244363064476	-0.13776826729122402
-0.05117972740221095	0.023312463669251847	0.	-0.023312463669251847	0.05117972740221095
0.14486857719978619	-0.14932238789967717	0.1503563167450062	-0.14932238789967717	0.14486857719978619
0.030550454959287376	-0.012684577863686725	0.	0.012684577863686725	-0.030550454959287376
-0.14901779570205526	0.15003386486243825	-0.15016730810115744	0.15003386486243825	-0.14901779570205526
-0.009411456022547988	0.002046389943299855	0.	-0.002046389943299855	0.009411456022547988
0.15016238776639834	-0.1499909067912424	0.14997948150094423	-0.1499909067912424	0.15016238776639834
-0.011809959277127944	0.008548889346342204	0.	-0.008548889346342204	0.011809959277127944
-0.1483094817328151	0.149201242613087	-0.1497928237042876	0.149201242613087	-0.1483094817328151
0.03269121236644009	-0.0190490554431577	0.	0.0190490554431577	-0.03269121236644009
0.14352552531843904	-0.14767618633758103	0.14960732168426177	-0.14767618633758103	0.14352552531843904
-0.05282271956217409	0.02940314811135132	0.	-0.02940314811135132	0.05282271956217409
-0.13593380455919846	0.14543051055894113	-0.14942296262262889	0.14543051055894113	-0.13593380455919846
0.07181569641356185	-0.039561677607074575	0.	0.039561677607074575	-0.07181569641356185
0.12571090787378505	-0.14248230609213144	0.14923973390548878	-0.14248230609213144	0.12571090787378505
-0.08930936370950397	0.04947683811174101	0.	-0.04947683811174101	0.08930936370950397
-0.11308223523301633	0.1388528288346902	-0.1490576231190399	0.1388528288346902	-0.11308223523301633
0.10497743221740916	-0.0591027077655557	0.	0.0591027077655557	-0.10497743221740916
0.09831666757904255	-0.13456633497072817	0.14887661804544863	-0.13456633497072817	0.09831666757904255
-0.11853376137959164	0.06839543472141262	0.	-0.06839543472141262	0.11853376137959164
-0.08172052398606616	0.1296499056521597	-0.14869670665882362	0.1296499056521597	-0.08172052398606616
0.12973710667346947	-0.0773134087263261	0.	0.0773134087263261	-0.12973710667346947
0.0636309434714948	-0.12413326230462846	0.14851787712129103	-0.12413326230462846	0.0636309434714948
-0.1383948907119844	0.08581741782359704	0.	-0.08581741782359704	0.1383948907119844
-0.04440883479961651	0.11804857371202022	-0.14834011777916933	0.11804857371202022	-0.04440883479961651
0.14436595399308272	-0.09387078985360611	0.	0.09387078985360611	-0.14436595399308272
0.024431541074330668	-0.11143025603413925	0.1481634171592392	-0.11143025603413925	0.024431541074330668
-0.1475622620856654	0.10143951851412626	0.	-0.10143951851412626	0.1475622620856654
-0.004085366454822362	0.10431476690730873	-0.14798776396510646	0.10431476690730873	-0.004085366454822362
0.14794956656686253	-0.10849237382203737	0.	0.10849237382203737	-0.14794956656686253
-0.016241889937836932	-0.09674039476759112	0.14781314707365525	-0.09674039476759112	-0.016241889937836932
-0.14554703682987455	0.11500099689700723	0.	-0.11500099689700723	0.14554703682987455
0.036168252763168665	0.08874704452128412	-0.14763955553158825	0.08874704452128412	0.036168252763168665
0.14042589862201516	-0.12093997906380885	0.	0.12093997906380885	-0.14042589862201516
-0.055324609039846505	-0.0803760206676105	0.14746697855205265	-0.0803760206676105	-0.055324609039846505
-0.1327071325438244	0.1262869253432212	0.	-0.1262869253432212	0.1327071325438244
0.07336134329428831	0.07166980895437257	-0.1472954055113476	0.07166980895437257	0.07336134329428831
0.12255830147666037	-0.13102250247169286	0.	0.13102250247169286	-0.12255830147666037
-0.08995445749139096	-0.06267185761908478	0.1471248259457123	-0.06267185761908478	-0.08995445749139096
-0.11018958978497867	0.13513047165693265	0.	-0.13513047165693265	0.11018958978497867
0.10481107707689033	0.05342635923602513	-0.14695522954819187	0.05342635923602513	0.10481107707689033
0.09584914898202587	-0.1385977063401578	0.	0.1385977063401578	-0.09584914898202587
-0.1176742589087231	-0.04397803415407055	0.14678660616557848	-0.04397803415407055	-0.1176742589087231
-0.07981785422082882	0.14141419529572757	0.	-0.14141419529572757	0.07981785422082882
0.12832703231427384	0.034371916471401635	-0.14661894579542595	0.034371916471401635	0.12832703231427384
0.06240358338874304	-0.14357303145518913	0.	0.14357303145518913	-0.06240358338874304
-0.13659562065870184	-0.024653143451493373	0.1464522385831356	-0.024653143451493373	-0.13659562065870184
-0.04393513570095897	0.14507038689526228	0.	-0.14507038689526228	0.04393513570095897
0.14235180732598546	0.014866749240550392	-0.14628647481911172	0.014866749240550392	0.14235180732598546
0.024755909507273046	-0.14590547447790542	0.	0.14590547447790542	-0.024755909507273046
-0.14551442658605382	-0.005057463700008517	0.14612164493598356	-0.005057463700008517	-0.14551442658605382
-0.005217459589438642	0.14608049667527284	0.	-0.14608049667527284	0.005217459589438642
0.14604997614859505	-0.0047304828807952	-0.1459577395058936	-0.0047304828807952	0.14604997614859505
-0.01432694738562552	-0.14560058215306013	0.	0.14560058215306013	0.01432694738562552
-0.14397236400481092	0.014453548476884317	0.14579474923784905	0.014453548476884317	-0.14397236400481092
0.03352866426253822	0.1444737107224082	0.	-0.1444737107224082	-0.03352866426253822
0.13934181717242033	-0.024069060761533322	-0.1456326649751349	-0.024069060761533322	0.13934181717242033
-0.05204977223244178	-0.14271062730320355	0.	0.14271062730320355	0.05204977223244178
-0.13226299395194419	0.03353539067118875	0.1454714776927878	0.03353539067118875	-0.13226299395194419
0.06956886501407766	0.14032474557028224	0.	-0.14032474557028224	-0.06956886501407766
0.12288235406744581	-0.04281211754436225	-0.14531117849512748	-0.04281211754436225	0.12288235406744581
-0.08578641514741714	-0.13733204197875257	0.	0.13733204197875257	0.08578641514741714
-0.11138485242678219	0.05186018533154005	0.1451517586133461	0.05186018533154005	-0.11138485242678219
0.10042963934827134	0.13375094088544412	0.	-0.13375094088544412	-0.10042963934827134
0.09799003205158203	-0.06064204942756409	-0.14499320940315188	-0.06064204942756409	0.09799003205158203
-0.11325679114797442	-0.12960219150043017	0.	0.12960219150043017	0.11325679114797442
-0.08294759988532363	0.06912181373240717	0.14483552234246722	0.06912181373240717	-0.08294759988532363
0.12406082117298889	0.12490873741573592	0.	-0.12490873741573592	-0.12406082117298889
0.06653257561225018	-0.0772653576005523	-0.14467868902917896	-0.0772653576005523	0.06653257561225018
-0.13267235816203687	-0.11969557946782508	0.	0.11969557946782508	0.13267235816203687
-0.04904010826688643	0.08504045239306525	0.14452270117893948	0.08504045239306525	-0.04904010826688643
0.13896197692994025	0.11398963269635291	0.	-0.11398963269635291	-0.13896197692994025
0.030780058272471277	-0.09241686739970624	-0.14436755062301754	-0.09241686739970624	0.030780058272471277
-0.14284173272870482	-0.10781957816410148	0.	0.10781957816410148	0.14284173272870482
-0.012071443636638915	0.09936646495085433	0.1442132293061972	0.09936646495085433	-0.012071443636638915
0.14426595459641472	0.10121571040209018	0.	-0.10121571040209018	-0.14426595459641472
-0.006763151596602583	-0.10586328459042936	-0.14405972928472394	-0.10586328459042936	-0.006763151596602583
-0.14323130310369853	-0.09420978123972021	0.	0.09420978123972021	0.14323130310369853
0.025403110811827573	0.11188361623120766	0.14390704272429608	0.11188361623120766	0.025403110811827573
0.13977611020106614	0.08683484077259777	0.	-0.08683484077259777	-0.13977611020106614
-0.04353516819174842	-0.11740606226277615	-0.1437551618981013	-0.11740606226277615	-0.04353516819174842
-0.1339790304509907	-0.07912507621054227	0.	0.07912507621054227	0.1339790304509907
0.06085855521307367	0.12241158862969809	0.14360407918489593	0.12241158862969809	0.06085855521307367
0.12595704362873245	0.07111564933536907	0.	-0.07111564933536907	-0.12595704362873245
-0.07708983000282094	-0.12688356494313563	-0.1434537870671268	-0.12688356494313563	-0.07708983000282094
-0.11586285834981194	-0.06284253328250543	0.	0.06284253328250543	0.11586285834981194
0.09196731692346213	0.13080779373305684	0.1433042781290941	0.13080779373305684	0.09196731692346213
0.10388177490712386	0.054342349342509526	0.	-0.054342349342509526	-0.10388177490712386
-0.10525509234251353	-0.13417252899013432	-0.1431555450551543	-0.13417252899013432	-0.10525509234251353
-0.09022807277845332	-0.04565220445829019	0.	0.04565220445829019	0.09022807277845332
0.11674646190487628	0.13696848418641977	0.1430075806279619	0.13696848418641977	0.11674646190487628
0.07514099422179604	0.036809530071428564	0.	-0.036809530071428564	-0.07514099422179604
-0.12626688458136862	-0.13918883000175566	-0.14286037772674956	-0.13918883000175566	-0.12626688458136862
-0.05888039996231681	-0.02785192294666045	0.	0.02785192294666045	0.05888039996231681
0.1336763091292376	0.1408291820185923	0.14271392932564486	0.1408291820185923	0.1336763091292376
0.041722176166393864	0.018816988577457276	0.	-0.018816988577457276	-0.041722176166393864
-0.13887089918568332	-0.14188757868134252	-0.14256822849202344	-0.14188757868134252	-0.13887089918568332
-0.023953473694119973	-0.00974218774791571	0.	0.00974218774791571	0.023953473694119973
0.14178413384312363	0.1423644498475796	0.14242326838489705	0.1423644498475796	0.14178413384312363
0.005867861043698464	0.0006646867970050817	0.	-0.0006646867970050817	-0.005867861043698464
-0.14238728105125412	-0.14226257628721833	-0.14227904225333618	-0.14226257628721833	-0.14238728105125412
0.01223952850743348	0.008378787899204893	0.	-0.008378787899204893	-0.01223952850743348
0.14068925139123448	0.1415870405122856	0.14213554343492582	0.1415870405122856	0.14068925139123448
-0.030076777236326072	-0.017352090743236064	0.	0.017352090743236064	0.030076777236326072
-0.13673584951825052	-0.14034516934396699	-0.141992765354254	-0.14034516934396699	-0.13673584951825052
0.0473598158181542	0.026219792578165993	0.	-0.026219792578165993	-0.0473598158181542
0.13060844973029648	0.13854646864529424	0.1418507015214318	0.13854646864529424	0.13060844973029648